-1.5 0 0.7 0 0 0 
0.762327 0.580467 0.976211 -2.49081 0.29027 0 
0.762327 0.580467 0.403789 -2.49081 -0.29027 0 
0.57735 0.57735 0.11265 -2.35619 -0.61548 0 
0.706968 -0.302648 0.050782 2.7371 -0.693481 0 
0.176888 -0.939215 0.395744 1.75695 -0.298677 0 
-0.176888 0.939215 0.984256 -1.38464 0.298677 0 
-0.345864 -0.886928 0.383834 1.19898 -0.311163 0 
-0.57735 0.57735 0.11265 -0.785398 -0.61548 0 
-0.886928 0.306166 1.03586 -0.332391 0.353159 0 
0.816797 -0.559125 0.547796 2.54132 -0.142688 0 
0.547076 0.706934 0.241722 -2.2294 -0.464838 0 
-0.762327 0.580467 0.403789 -0.650783 -0.29027 0 
-0.559125 -0.142204 1.5068 0.249052 0.955837 0 
