-1.5 0 0.7 0 0 0 
0.416921 -3.91211 2.30468 -2.93383 1.13064 0 
0.416921 -3.91211 2.30468 -2.93383 1.13064 0 
0.416921 -3.91211 2.30468 -2.93383 1.13064 0 
0.416921 -3.91211 2.30468 -2.93383 1.13064 0 
0.416921 -3.91211 2.30468 -2.93383 1.13064 0 
0.416921 -3.91211 2.30468 -2.93383 1.13064 0 
0.416921 -3.91211 2.30468 -2.93383 1.13064 0 
0.416921 -3.91211 2.30468 -2.93383 1.13064 0 
0.416921 -3.91211 2.30468 -2.93383 1.13064 0 
0.416921 -3.91211 2.30468 -2.93383 1.13064 0 
0.416921 -3.91211 2.30468 -2.93383 1.13064 0 
0.416921 -3.91211 2.30468 -2.93383 1.13064 0 
0.416921 -3.91211 2.30468 -2.93383 1.13064 0 
